[[[1.2551363e-02 1.8268114e-02 5.0874468e-02 ... 8.5369027e-01
   8.6733389e-01 8.4840912e-01]
  [1.1503065e-02 1.1476718e-02 1.2649661e-02 ... 9.7227007e-01
   8.5227001e-01 8.4521472e-01]
  [3.7391879e-02 2.2689704e-02 5.6543536e-02 ... 1.6339971e-01
   2.6722306e-01 3.0607742e-01]
  ...
  [4.7576013e-06 1.7591282e-06 1.3471512e-06 ... 5.6919209e-08
   3.5810618e-08 1.3797305e-06]
  [1.1865979e-07 9.9072945e-09 2.0409880e-08 ... 1.2610353e-06
   1.1434119e-06 3.9340061e-06]
  [5.8254005e-07 2.0318234e-06 4.7872536e-06 ... 3.3761779e-07
   2.6585235e-07 1.5035966e-06]]]